# Created by Octave 3.4.3, Wed Nov 07 23:53:59 2012 EST <vincent@vincentni.gatech.edu>
# name: runtime
# type: matrix
# rows: 10
# columns: 1
 7
 2.333333333333333
 5
 3.666666666666667
 3.333333333333333
 1.666666666666667
 2.666666666666667
 1.666666666666667
 5
 2.666666666666667


