# Created by Octave 3.2.4, Fri Nov 09 13:43:24 2012 EST <yjy@ubuntu>
# name: runtime
# type: matrix
# rows: 10
# columns: 1
 0.5555555555555556
 1.222222222222222
 0.8888888888888888
 0.8888888888888888
 2.333333333333333
 1.666666666666667
 1.666666666666667
 1.111111111111111
 0.5555555555555556
 0.7777777777777778
