# Created by Octave 3.4.3, Tue Nov 06 18:53:06 2012 EST <vincent@vincentni.gatech.edu>
# name: var_data
# type: matrix
# rows: 10
# columns: 4
 0.4210526315789473 0.5833333333333334 0.3877551020408163 1
 0.3684210526315789 0.1666666666666667 0.02040816326530612 0.1857142857142857
 0.4736842105263158 0.9166666666666666 0.1020408163265306 0
 0.9473684210526315 0 1 0
 0.3157894736842105 1 0.2040816326530612 0.3142857142857143
 0.1578947368421053 0.25 0.8163265306122449 0.1285714285714286
 0.5263157894736842 0.75 0.1224489795918367 0.6
 0.8947368421052632 0.4166666666666667 0.3061224489795918 0
 1 0.8333333333333334 0.8775510204081632 0.8428571428571429
 0 0.25 0 0.7428571428571429


